11357
10026
11417
10309
11375
11233
11206
10005
11201
11211
11235
10314
11220
10075
11354
10036
11234
10466
10463
11219
11216
10013
11419
10461
11207
11101
10453
11225
10002
11421
10038
10017
10040
11210
11229
11212
10027
10452
11215
10033
11411
10474
10312
10468
10451
10465
10030
10462
10467
10031
11237
10022
10457
11385
10025
10003
11226
10011
10001
10023
10014
10458
10024
10018
11213
10304
10009
11203
11230
11218
11418
10037
10455
11103
10306
10032
11434
10006
11355
10469
11236
11378
11106
10028
11222
10473
11231
11249
11217
11238
11223
11204
10016
10302
11214
11374
10475
10303
10019
10301
10034
11367
10007
11232
11368
11423
10128
10065
10456
11224
10029
11358
10012
10470
10471
11427
11414
11433
11373
11432
11412
10472
10308
10305
11377
11209
10459
11228
11691
11372
11692
10464
11435
11001
11364
10004
11420
11221
10310
10021
11416
11205
11695
11021
10010
11362
11356
11105
11694
10460
11369
10039
11208
11429
11379
10035
11365
11426
11422
11361
11363
10454
11239
11104
11102
10307
11428
11415
11413
11370
11360
11004
11430
11366
10000
10282
11436
10020
11693
99999
11787
10048
10280
11040
10069
11109
11697
10044
11005
94551
19044
10523
10543
11803
19456
32225
83854
32256
61702
44720
43232
11776
91514
11581
11003
11559
11359
10803
11371
11561
11710
11096
14210
10552
10281
30328
10583
14228
89434
11020
11755
11563
11550
11590
10162
11598
77094
23541
75244
92123
11788
12787
11530
44139
11580
11024
80202
10704
85254
77272
93792
75006
55164
44125
11566
10532
92879
11570
45102
11542
11554
10522
11743
77043
55121
89193
11520
11514
98036
11749
14221
14209
34604
11324
11767
11801
18519
11516
77218
11518
10801
75024
12345
75240
32255
11425
10550
10962
11747
14450
77077
60606
23502
28272
37927
11596
14225
10708
10701
11558
85053
11553
30360
19132
11753
11010
85038
11549
11111
11729
15205
10941
11797
11951
13088
33137
55344
11501
46219
11714
43235
48195
35209
10573
10504
92629
14301
89119
11725
43271
11583
56679
75007
12203
18938
33607
11757
98006
19850
80909
14202
11780
11577
11572
98005
11802
76051
43614
14217
11050
10591
70370
55439
11030
11861
60656
60181
14120
11472
10705
10576
17446
29603
44145
11241
60191
55101
11720
92723
44101
94566
29601
75034
14618
11779
10916
66017
10352
80034
37214
19022
14068
11791
91365
90000
92193
33431
37043
77070
33614
85282
10924
10703
11507
11253
33770
12303
11557
77081
10512
10594
10710
11576
76017
11042
94954
77263
66211
17104
11758
10570
43231
11008
95054
77072
32857
92881
85249
11784
91716
10709
14051
92562
11726
60523
11702
11724
95407
48093
23462
11746
10805
11727
46326
77057
89102
11735
17111
10224
11575
10970
11766
33467
98057
10601
92705
20705
11012
10950
90603
75090
33487
74134
60714
60197
11510
32746
10940
91309
55903
19702
23113
77036
31146
11534
98188
33634
43215
75013
30072
23060
10313
12550
31546
33331
33126
63301
90024
14203
19013
13615
11439
19053
78708
12212
10598
57109
60630
33155
48090
10536
14206
92132
19107
64129
43607
12601
97527
11706
14467
13580
74355
14892
32502
12428
33441
33009
60611
10116
10104
80111
33716
53704
55438
10119
11782
10112
10122
10129
10107
98277
32805
33484
11690
17701
13820
48346
10553
12000
10509
10595
30021
33071
60645
11431
18355
10929
37660
91910
11552
10008
33442
33446
10163
21702
12304
12508
10960
21217
18102
38037
34652
33161
11023
94585
12515
13905
10520
33767
55407
30083
